32 794466
12 574496
34 603260
21 430086
33 802159
86 964792
84 463374
71 584567
44 533453
37 731585
5 938976
6 980865
39 578113
85 643619
43 637560
76 847444
71 438115
75 440187
73 340752
42 393311
74 881910
6 866871
28 819039
59 696150
75 790835
20 794975
69 682239
60 710259
64 463015
89 900915
45 558824
28 607777
68 835281
40 458732
45 898907
80 547732
27 500471
69 827519
30 308068
43 893568
60 609479
58 437183
68 941544
31 800280
28 933877
86 965695
34 571318
50 369985
80 692647
15 885642
76 632274
73 666319
26 969753
21 845376
57 640218
51 726376
47 691656
78 727374
61 723635
53 756443
23 824613
77 818808
40 383283
52 326937
44 871599
34 694581
85 964899
37 508655
14 931601
29 561192
30 950203
7 370651
8 901151
72 748489
9 428293
72 838282
58 648043
53 921643
36 414205
85 430281
46 889022
80 483005
10 573254
10 452435
64 407613
20 939792
87 643184
55 779251
8 809923
76 630227
80 470875
40 964145
25 464814
83 585077
24 948697
67 616275
27 481408
68 600546
18 969166
80 397833